<?xml version="1.0" encoding="UTF-8" standalone="no"?>
<!DOCTYPE svg PUBLIC "-//W3C//DTD SVG 20010904//EN"
              "http://www.w3.org/TR/2001/REC-SVG-20010904/DTD/svg10.dtd">

<svg xmlns="http://www.w3.org/2000/svg"
     width="17.7778in" height="10.4583in"
     viewBox="0 0 1280 753">
  <path id="Sans nom #7"
        fill="none" stroke="black" stroke-width="1"
        d="M -4.00,199.00
           C 10.00,204.00 24.00,202.00 33.00,196.00
             42.00,190.00 51.00,184.00 61.00,193.00
             71.00,202.00 93.00,203.00 108.00,202.00
             123.00,201.00 134.00,190.00 141.00,184.00
             148.00,178.00 164.00,165.00 176.00,177.00
             188.00,189.00 210.00,196.00 223.00,200.00
             236.00,204.00 257.00,199.00 265.00,191.00
             273.00,183.00 300.00,199.00 322.00,200.00
             344.00,201.00 355.00,191.00 364.00,185.00
             373.00,179.00 385.00,172.00 401.00,183.00
             417.00,194.00 439.00,204.00 454.00,202.00
             469.00,200.00 489.00,192.00 498.00,184.00
             507.00,176.00 521.00,175.00 534.00,187.00
             547.00,199.00 564.00,206.00 581.00,204.00
             598.00,202.00 618.00,196.00 630.00,187.00
             642.00,178.00 650.00,172.00 671.00,184.00
             692.00,196.00 707.00,209.00 733.00,194.00
             759.00,179.00 767.00,167.00 785.00,180.00
             803.00,193.00 800.00,196.00 825.00,200.00
             850.00,204.00 871.00,195.00 885.00,185.00
             899.00,175.00 911.00,171.00 931.00,187.00
             951.00,203.00 957.00,205.00 984.00,203.00
             1011.00,201.00 1015.00,186.00 1035.00,182.00
             1055.00,178.00 1077.00,207.00 1093.00,207.00
             1109.00,207.00 1113.00,191.00 1137.00,186.00
             1161.00,181.00 1173.00,204.00 1190.00,209.00
             1207.00,214.00 1223.00,195.00 1246.00,193.00
             1269.00,191.00 1285.00,194.00 1286.00,215.00
             1287.00,236.00 1285.00,764.00 1285.00,764.00
             1285.00,764.00 -6.00,762.00 -6.00,762.00
             -6.00,762.00 -3.00,220.00 -4.00,199.00 Z" />
</svg>
